route_id, [stop_ids]
1,"[1000,1010,1015,1020,1025,1030,1035,1040,1045,1050,1055,1060,1065,1070,1075,1080,1085,1095,1100,1105,1110,1115,1120,1125,1130,1135,1140,1145,1150,1155,1160,1165,1170,1175,1180,1185,1190,1195,1195,6096,1200,1202,1205,1210,1150,4980,1215,1220,1225,1230,1232,1235,2810,1245,1250,1255,1260,1265,1270,1275,1280,1285,1290,1295,1300,1305,1310,1315,1320,1325]"
2,"[1000,1010,1015,1020,1025,1030,1035,1040,1045,1050,1335,1340,1345,1350,1355,1360,6012,1365,5025,1380,1385,1390,1395,1400,1405,1410,1415,6066,1420,1425,1330,6204,1440,1445,1450,1455,1460,1465,1470,1475,1480,1485,1490,1495,1500,1505,1510,1515,1520,1525,1530,1535,1540,1542,1545,1550,1555,1560,1565,1570,1575,1580,1585,1590,1600,1605,1610,1611,1615,1620,1625,1630,1635,1640,1645,1650,1655,1660,1665,1670,1675,1680,1685,1690,1695,1700,1705,1710,1715,1720,1725,1730,1735,1740,1750,1755,1760,1765,1770,1775,1780,1785,1795,1800,6067,1805,1810,1815,1820,1825,1830,1835,1840,6065,1850,1855,1860,1865,1870,1875,1880,1885,1890,1290,1295,1300,1305,1310,1315,1320,1325]"
3,"[]"
6,"[1000,1010,1015,1020,5035,2410,2415,2420,2425,2430,2435,2440,2445,2450,2455,2460,2465,2470,2475,2480,2485,2490,2495,2500,2505,2510,2515,6220,4420,4425,2525,2530,2535,2540,2545,2550,2555]"
9,"[1150,3210,3215,3220,3225,3395,3400,3405,3410,3415,3420,6096,1200,1202,3230,3585,3595,5085,5090,5095,1685,6097,6098,6099,1700,1705,1710,1715,6079,6080,6081,6082,6083,6083,6100,6085,6086,6087,1735,1740,1750,6199,6196,1495,1500,1505,1510,1515,1520,1525,3630,3635,3640,1535,1991,1992,5091,5092,6089,1165,1170,1175,3395,3400,3405,3410,3415,3420,6096,1200,1202,1205,1210]"
10,"[2610,2615,6209,2620,2622,2625,2630,2640,2645,2646,2647,2648,2650,2655,2660,1600,2660,2675,2670,4960,1145,1150,2680,1575,2685,2690,2695,2700,2705,2710,2715,1850,5025,1380,1385,1390,1395,2160,2165,6213,6214,6215,2190,2730,2735,2740,2745,2750,2755,2760,2765,2770,2775,2780,2785,1630,1635,2790,1145,1150,4982,4985,2795,2665,1600,2560,2565,2570,2575,2580,2610]"
11,"[2900,2905,2910,2915,2920,2925,4780,1930,1935,1940,2190,1860,1865,2930,2935,2940,2945,2950,2955,2960,1070,1075,1080,1085,1095,1100,1105,1110,2965,1590,1600,2660,1620,2805,2810,1245,1250,1255,1260,1265,1270,2820,2825,2830,2835,2840,2845,2850,1360,6012,2190,2195,2200,2205,2210,2855,2860,2865,2870,2875,2880,2885,2890,2895,2900]"
12,"[1000,2970,2975,2980,2985,2990,2995,3000,3005,6198,3010,3015,3020,3025,3030,3035,3040,6231,3045,3050,3055,3060,3065,1260,3070,3075,2780,2785,1585,1590,1600,1600,2660,1620,1625,3080,3085,3090,1080,1085,1090,3100,3105,3110,3115,3120,6231,3125,3130,3135,3140,3145,3150,3155,3160,3165,3170,3175,3180,3185,3190,3195,3200,3205,1325]"
13,"[1000,4015,4295,2675,2670,4960,1145,1150,1160,1165,1170,1175,1180,1185,1190,1195]"
14,"[1150,3210,3215,1185,1190,1195,6096,1200,1202,3220,3225,3230,3235,3240,3245,3250,2015,2020,2025,6063,3255,3260,3265,3270,6164,6193,6165,6166,6167,6168,6169,6170,6162,6162,6163,3295,6171,3310,3315,3320,3325,3330,3350,3355,3260,2095,3370,2125,3375,3380,3385,3390,1175,3395,3400,3405,3410,3415,3420,1195,6096,1200,1202,1205,1210,1150]"
15,"[1600,5020,6158,6159,1375,6160,2675,2670,4960,1150,1240,1560,5050,5045,6186,3445,3455,3465,1380,1385,1390,1395,1400,3475,3476,3485,3495,3505,3515,3525,3540,3540,3545,3550,3555,3560,3565,3430,3425,3435,5070,1820,1825,1830,1835,1840,3440,3450,3460,3470,3480,1650,1655,3490,1150,4982,4985,2795,2665,3500,3510,3520,3530,2660,1600]"
16,"[1150,4982,4985,2795,2665,6201,3577,6194,6195,1600,1605,1610,1614,6180,1613,6060,6057,6052,6053,6054,6055,6004,6004,6010,6013,6174,6014,6015,6173,6175,6006,6007,6249,6008,6009,601,1,2626,161,1,1600,1605,1610,3570,3575,3580,6200,1145,1150]"
18,"[3860,3865,3870,3875,3880,3895,3900,3905,3915,3920,3925,3930,3935,3945,3955,3965,3975,3980,3985,3990,3995,4000,4005,4010,4020,4025,4030,4040,4050,4060,4070,4080,3940,3950,3960,3970,1000,1000,3645,3650,3655,3660,3665,3670,3675,3680,3690,3695,3700,3705,3710,3715,3720,3725,3730,3735,6202,3740,3745,3750,3755,6177,3760,3765,3770,4975,3775,3780,3785,3790,3792,3795,6178,3800,3805,3810,3815,3820,3825,3830,3835,3840,3850,3855,3860]"
19,"[1000,4015,4295,4035,4045,4055,4056,4075,4085,4090,4095,4100,4105,4110,4115,4120,4125,4130,4135,4140,6189,4145,4150,4155,4160,4775,4165,3050,4170,4175,1100,1105,1110,2965,1590,1600,1600,2660,1620,2805,2810,1245,4180,4185,3115,4195,4200,4205,4210,4215,4220,4225,4226,4230,4235,4240,4245,4250,4255,4260,4265,4270,4275,4280,4285,4290,4300,4305,1000]"
20,"[1000,6205,6205,6206,3960,3970,1000]"
21,"[1000,4408,4410,4415,4420,4425,4430,4435,4440,4445,4450,4455,4460,4465,4470,4475,4480,4485,4490,4495,4500,4505,4510,4515,4520,4525,4531,4541,4530,4535,4540,4545,4550,4555,4516,4560,4565,4570,4575,4580,4585,4586,4590,4595,4600,4605,4320,4320,4325,4330,4335,4610,4615,4620,4625,4630,4640,4645,4650,4655,4660,4910,4665,4670,4680,4685,4690,4695,4700,4705,4710,4915,4920,4925,4930,4935,4940,4942,4945,4950,4440,4715,4720,4725,4730,2555,1000]"
22,"[1000,4408,4410,4415,4420,4425,4430,4435,4440,4735,4740,4745,4750,4755,4760,4765,4751,4746,4785,4790,4800,4805,4811,4769,4772,4785,4790,4800,4805,4747,4752,4766,4761,4756,4771,4770,4810,4835,4840,6208,4820,4825,4830,4845,6172,4850,4855,4860,4866,4870,4871,4872,4879,4880,4881,4885,4890,4895,4900,4905,4910,4665,4915,4920,4925,4930,4935,4940,4942,4945,4950,4440,4715,4720,4725,4730,2555,1000]"
23,"[1600,2660,1150,3210,3215,3220,3225,3395,3400,3405,3410,3415,3420,6096,1200,1202,3220,3225,3230,3235,3240,3245,3250,2015,2020,2025,6063,2027,2030,2035,5040,5040,2040,2045,2050,2055,2060,2065,2070,2072,3375,3380,3385,3390,1175,3395,3400,3405,3410,3415,3420,6096,1200,1202,1205,1210,1150,4982,4985,2795,2665,1600]"
24,"[3295,6171,3310,3315,3320,3325,3330,3335,3340,3345,1150]"
26,"[6052,6053,6054,6055,6004,6010,6013,6174,6014,6015,6006,6007,2645,2646,2647,2648,2650,2655,2660,2675,2670,4960,1145,1150]"
30,"[6069,6101,6102,6103,6104,6105,6106,6107,6090,6108,6109,6110,6111,6112,6113,6114,6091,6115,6116,6117,6118,6119,6120,6121,6217,6145,6015,6173,6175,2620,2626,1611,1600,1600,1605,1610,1614,6180,1613,6156,6157,6216,6144,6150,6151,6152,6153,6154,6155,6069,1600,1605,1610,1614,6180,1613,6156,6157,6216,6144,6093,6128,6129,6130,6131,6132,6094,6133,6134,6135,6136,6137,6138,6139,6095,6140,6141,6142,6143,6147,6148,6149,6069,6069,6122,6123,6124,6125,6126,6127,6217,6145,6015,6173,6175,2620,2626,1611,1600]"
33,"[1000,1600,1150]"
34,"[]"
